1,
17,
846,
5,
5956,
5957,
5958,
5959,
5960,
5962,
5963,
5964,
5965,
5966,
5967,
5968,
5969,
5970,
5971,
5972,
5973,
5974,
5976,
5977,
5979,
5980,
5981,
5982,
5983,
5984,
5985,
5986,
5987,
5988,
5989,
5990,
5991,
5992,
5993,
5994,
5995,
5996,
5997,
5998,
5999,
6000,
6001,
6010,
6011,
6012,
6013,
6014,
6015,
6016,
6017,
6018,
6019,
6020,
6021,
6022,
6023,
6025,
6026,
6027,
6028,
6029,
6030,
6075,
6033,
6058,
6267,
6407,
6408,
6409,
6410,
6411,
6412,
6413,
6414,
6415,
6968,
3,
315,
455,
491,
560,
707,
943,
944,
945,
949,
950,
953,
955,
958,
959,
960,
963,
966,
969,
970,
971,
972,
975,
976,
978,
979,
982,
983,
986,
988,
990,
991,
993,
996,
998,
999,
1000,
1001,
1002,
1004,
1006,
1007,
1010,
1012,
1014,
1018,
1019,
1022,
1029,
1030,
1032,
1033,
1034,
1038,
1039,
1040,
1042,
1043,
1044,
1045,
1047,
1048,
1049,
1050,
1051,
1052,
1055,
1060,
5049,
209,
273,
609,
637,
650,
710,
829,
942,
946,
947,
948,
951,
952,
954,
956,
957,
962,
965,
967,
968,
973,
974,
977,
980,
981,
984,
985,
987,
989,
992,
994,
995,
997,
1003,
1005,
1008,
1009,
1011,
1013,
1015,
1016,
1017,
1020,
1021,
1023,
1024,
1025,
1026,
1027,
1028,
1031,
1035,
1036,
1037,
1041,
1046,
1053,
1054,
1056,
1057,
1058,
1059,
